56010001000111
13396000
56010001000112
16500000
56010001000113
20000000
56010001000114
20000000
56010001000115
20000000
56010001000116
20000000
56010001000117
20000000
56010001000118
20000000
56010001000119
20000000
56010001000120
20000000
56010001000121
20000000
56010001000122
20000000
56010001000123
20000000
56010001000124
20000000
56010001000125
20000000
56010001000126
20000000
56010001000127
20000000
56010001000128
20000000
56010001000129
20000000
56010001000130
20000000
56010001000131
20000000
56010001000132
20000000
56010001000133
20000000
56010001000134
20000000
56010001000135
20112456
56010001000136
20000000
56010001000137
20000000
56010001000138
20000000
56010001000139
20000000
56010001000140
20000000
56010001000141
20000000
56010001000142
20000000
56010001000143
20000000
56010001000144
20000000
56010001000145
20000000
56010001000146
20000000
56010001000147
20000000
56010001000148
20000000
56010001000149
20000000
56010001000150
19772544
56010001000151
20000000
56010001000152
21500000
56010001000153
20000000
56010001000154
20000000
56010001000155
20000000
56010001000156
20000000
56010001000157
20000000
56010001000158
18498000
56010001000159
20000000
56010001000160
20000000
