2021-08-25,08:43:14 56010001000111 2 1502000 56010001000112
2021-08-25,08:42:15 56010001000111 1 102000 0
2021-08-25,06:50:49 56010001000111 1 102000 0
2021-08-24,22:03:27 56010001000111 1 1702000 0
2021-07-15,09:50:38 56010001000111 2 2000 56010001000112
2021-08-25,06:49:48 56010001000112 2 1001000 56010001000111
2021-07-14,21:11:13 56010001000112 2 10002000 56010001000111
2021-07-14,21:10:49 56010001000112 1 2002000 0
2021-07-14,21:05:09 56010001000112 1 102000 0
2021-07-14,21:05:08 56010001000112 1 102000 0
0 56010001000113 0 0 0
 56010001000113 0 0 0
 56010001000113 0 0 0
 56010001000113 0 0 0
 56010001000113 0 0 0
0 56010001000114 0 0 0
 56010001000114 0 0 0
 56010001000114 0 0 0
 56010001000114 0 0 0
 56010001000114 0 0 0
0 56010001000115 0 0 0
 56010001000115 0 0 0
 56010001000115 0 0 0
 56010001000115 0 0 0
 56010001000115 0 0 0
0 56010001000116 0 0 0
 56010001000116 0 0 0
 56010001000116 0 0 0
 56010001000116 0 0 0
 56010001000116 0 0 0
0 56010001000117 0 0 0
 56010001000117 0 0 0
 56010001000117 0 0 0
 56010001000117 0 0 0
 56010001000117 0 0 0
0 56010001000118 0 0 0
 56010001000118 0 0 0
 56010001000118 0 0 0
 56010001000118 0 0 0
 56010001000118 0 0 0
0 56010001000119 0 0 0
 56010001000119 0 0 0
 56010001000119 0 0 0
 56010001000119 0 0 0
 56010001000119 0 0 0
0 56010001000120 0 0 0
 56010001000120 0 0 0
 56010001000120 0 0 0
 56010001000120 0 0 0
 56010001000120 0 0 0
0 56010001000121 0 0 0
 56010001000121 0 0 0
 56010001000121 0 0 0
 56010001000121 0 0 0
 56010001000121 0 0 0
0 56010001000122 0 0 0
 56010001000122 0 0 0
 56010001000122 0 0 0
 56010001000122 0 0 0
 56010001000122 0 0 0
0 56010001000123 0 0 0
 56010001000123 0 0 0
 56010001000123 0 0 0
 56010001000123 0 0 0
 56010001000123 0 0 0
0 56010001000124 0 0 0
 56010001000124 0 0 0
 56010001000124 0 0 0
 56010001000124 0 0 0
 56010001000124 0 0 0
0 56010001000125 0 0 0
 56010001000125 0 0 0
 56010001000125 0 0 0
 56010001000125 0 0 0
 56010001000125 0 0 0
0 56010001000126 0 0 0
 56010001000126 0 0 0
 56010001000126 0 0 0
 56010001000126 0 0 0
 56010001000126 0 0 0
0 56010001000127 0 0 0
 56010001000127 0 0 0
 56010001000127 0 0 0
 56010001000127 0 0 0
 56010001000127 0 0 0
0 56010001000128 0 0 0
 56010001000128 0 0 0
 56010001000128 0 0 0
 56010001000128 0 0 0
 56010001000128 0 0 0
0 56010001000129 0 0 0
 56010001000129 0 0 0
 56010001000129 0 0 0
 56010001000129 0 0 0
 56010001000129 0 0 0
0 56010001000130 0 0 0
 56010001000130 0 0 0
 56010001000130 0 0 0
 56010001000130 0 0 0
 56010001000130 0 0 0
0 56010001000131 0 0 0
 56010001000131 0 0 0
 56010001000131 0 0 0
 56010001000131 0 0 0
 56010001000131 0 0 0
0 56010001000132 0 0 0
 56010001000132 0 0 0
 56010001000132 0 0 0
 56010001000132 0 0 0
 56010001000132 0 0 0
0 56010001000133 0 0 0
 56010001000133 0 0 0
 56010001000133 0 0 0
 56010001000133 0 0 0
 56010001000133 0 0 0
0 56010001000134 0 0 0
 56010001000134 0 0 0
 56010001000134 0 0 0
 56010001000134 0 0 0
 56010001000134 0 0 0
,10:29:00 56010001000135 1 11000 0
 56010001000135 0 0 0
 56010001000135 0 0 0
 56010001000135 0 0 0
 56010001000135 0 0 0
0 56010001000136 0 0 0
 56010001000136 0 0 0
 56010001000136 0 0 0
 56010001000136 0 0 0
 56010001000136 0 0 0
0 56010001000137 0 0 0
 56010001000137 0 0 0
 56010001000137 0 0 0
 56010001000137 0 0 0
 56010001000137 0 0 0
0 56010001000138 0 0 0
 56010001000138 0 0 0
 56010001000138 0 0 0
 56010001000138 0 0 0
 56010001000138 0 0 0
0 56010001000139 0 0 0
 56010001000139 0 0 0
 56010001000139 0 0 0
 56010001000139 0 0 0
 56010001000139 0 0 0
0 56010001000140 0 0 0
 56010001000140 0 0 0
 56010001000140 0 0 0
 56010001000140 0 0 0
 56010001000140 0 0 0
0 56010001000141 0 0 0
 56010001000141 0 0 0
 56010001000141 0 0 0
 56010001000141 0 0 0
 56010001000141 0 0 0
0 56010001000142 0 0 0
 56010001000142 0 0 0
 56010001000142 0 0 0
 56010001000142 0 0 0
 56010001000142 0 0 0
0 56010001000143 0 0 0
 56010001000143 0 0 0
 56010001000143 0 0 0
 56010001000143 0 0 0
 56010001000143 0 0 0
0 56010001000144 0 0 0
 56010001000144 0 0 0
 56010001000144 0 0 0
 56010001000144 0 0 0
 56010001000144 0 0 0
0 56010001000145 0 0 0
 56010001000145 0 0 0
 56010001000145 0 0 0
 56010001000145 0 0 0
 56010001000145 0 0 0
0 56010001000146 0 0 0
 56010001000146 0 0 0
 56010001000146 0 0 0
 56010001000146 0 0 0
 56010001000146 0 0 0
0 56010001000147 0 0 0
 56010001000147 0 0 0
 56010001000147 0 0 0
 56010001000147 0 0 0
 56010001000147 0 0 0
0 56010001000148 0 0 0
 56010001000148 0 0 0
 56010001000148 0 0 0
 56010001000148 0 0 0
 56010001000148 0 0 0
0 56010001000149 0 0 0
 56010001000149 0 0 0
 56010001000149 0 0 0
 56010001000149 0 0 0
 56010001000149 0 0 0
,10:28:04 56010001000150 2 125456 56010001000135
2021-07-15,10:27:24 56010001000150 1 102000 0
 56010001000150 0 0 0
 56010001000150 0 0 0
 56010001000150 0 0 0
0 56010001000151 0 0 0
 56010001000151 0 0 0
 56010001000151 0 0 0
 56010001000151 0 0 0
 56010001000151 0 0 0
0 56010001000152 0 0 0
 56010001000152 0 0 0
 56010001000152 0 0 0
 56010001000152 0 0 0
 56010001000152 0 0 0
0 56010001000153 0 0 0
 56010001000153 0 0 0
 56010001000153 0 0 0
 56010001000153 0 0 0
 56010001000153 0 0 0
0 56010001000154 0 0 0
 56010001000154 0 0 0
 56010001000154 0 0 0
 56010001000154 0 0 0
 56010001000154 0 0 0
0 56010001000155 0 0 0
 56010001000155 0 0 0
 56010001000155 0 0 0
 56010001000155 0 0 0
 56010001000155 0 0 0
0 56010001000156 0 0 0
 56010001000156 0 0 0
 56010001000156 0 0 0
 56010001000156 0 0 0
 56010001000156 0 0 0
0 56010001000157 0 0 0
 56010001000157 0 0 0
 56010001000157 0 0 0
 56010001000157 0 0 0
 56010001000157 0 0 0
,15:33:16 56010001000158 2 1502000 56010001000152
0 56010001000158 0 0 0
 56010001000158 0 0 0
 56010001000158 0 0 0
 56010001000158 0 0 0
0 56010001000159 0 0 0
 56010001000159 0 0 0
 56010001000159 0 0 0
 56010001000159 0 0 0
 56010001000159 0 0 0
0 56010001000160 0 0 0
 56010001000160 0 0 0
 56010001000160 0 0 0
 56010001000160 0 0 0
 56010001000160 0 0 0
